7
19

    1     1     1     1     1 1  0  0  0  0  0 0 1 0 0 0 0 0 0
-0.41 -0.41 -0.41  0.59 -0.41 0 -1  0  0  0  0 0 0 1 0 0 0 0 0
-0.24 -0.24  0.76 -0.24 -0.24 0  0 -1  0  0  0 0 0 0 1 0 0 0 0
-0.14  0.86 -0.14 -0.14 -0.14 0  0  0 -1  0  0 0 0 0 0 1 0 0 0
 0.92 -0.08 -0.08 -0.08 -0.08 0  0  0  0 -1  0 0 0 0 0 0 1 0 0
-0.03 -0.03 -0.03 -0.03  0.97 0  0  0  0  0 -1 0 0 0 0 0 0 1 0
 2.90  2.75  2.16  2.05  3.28 0  0  0  0  0  0 1 0 0 0 0 0 0 1

-0.6 -0.55 -0.59 -0.45 -0.72 0 0 0 0 0 0 0 10000000 10000000 10000000 10000000 10000000 10000000 10000000

12 13 14 15 16 17 18

700 0 0 0 0 0 2000
